49.800833	19.016944
59.800833	19.016944